jsws
tensor([[[[0.4850]],

         [[0.4560]],

         [[0.4060]]]], device='cuda:0')
tensor([[[[0.2290]],

         [[0.2240]],

         [[0.2250]]]], device='cuda:0')
from dataloader
torch.Size([1, 3, 256, 256])
tensor([[[[0.9569, 0.9451, 0.9451,  ..., 0.9255, 0.9176, 0.9059],
          [0.9529, 0.9451, 0.9451,  ..., 0.9255, 0.9137, 0.9137],
          [0.9569, 0.9490, 0.9490,  ..., 0.9255, 0.9137, 0.9176],
          ...,
          [0.3765, 0.3843, 0.3882,  ..., 0.3098, 0.3255, 0.3922],
          [0.3804, 0.3922, 0.3804,  ..., 0.2784, 0.2941, 0.3294],
          [0.3804, 0.3725, 0.3686,  ..., 0.2745, 0.2902, 0.3137]],

         [[0.9059, 0.9020, 0.9059,  ..., 0.8431, 0.8392, 0.8392],
          [0.8980, 0.8902, 0.8941,  ..., 0.8431, 0.8353, 0.8471],
          [0.8941, 0.8863, 0.8863,  ..., 0.8431, 0.8353, 0.8510],
          ...,
          [0.2784, 0.2863, 0.2824,  ..., 0.2510, 0.2549, 0.2745],
          [0.2745, 0.2863, 0.2863,  ..., 0.2667, 0.2588, 0.2471],
          [0.2784, 0.2784, 0.2863,  ..., 0.2667, 0.2667, 0.2471]],

         [[0.7686, 0.7647, 0.7765,  ..., 0.7294, 0.7255, 0.7294],
          [0.7608, 0.7569, 0.7686,  ..., 0.7294, 0.7294, 0.7373],
          [0.7608, 0.7569, 0.7569,  ..., 0.7373, 0.7294, 0.7412],
          ...,
          [0.2039, 0.2078, 0.2157,  ..., 0.1569, 0.1490, 0.1373],
          [0.2078, 0.2196, 0.2157,  ..., 0.2000, 0.1686, 0.1255],
          [0.2118, 0.2118, 0.2118,  ..., 0.2078, 0.1804, 0.1294]]]])
after minus mean
torch.Size([1, 3, 256, 256])
tensor([[[[ 2.0605,  2.0092,  2.0092,  ...,  1.9235,  1.8893,  1.8379],
          [ 2.0434,  2.0092,  2.0092,  ...,  1.9235,  1.8722,  1.8722],
          [ 2.0605,  2.0263,  2.0263,  ...,  1.9235,  1.8722,  1.8893],
          ...,
          [-0.4739, -0.4397, -0.4226,  ..., -0.7650, -0.6965, -0.4054],
          [-0.4568, -0.4054, -0.4568,  ..., -0.9020, -0.8335, -0.6794],
          [-0.4568, -0.4911, -0.5082,  ..., -0.9192, -0.8507, -0.7479]],

         [[ 2.0084,  1.9909,  2.0084,  ...,  1.7283,  1.7108,  1.7108],
          [ 1.9734,  1.9384,  1.9559,  ...,  1.7283,  1.6933,  1.7458],
          [ 1.9559,  1.9209,  1.9209,  ...,  1.7283,  1.6933,  1.7633],
          ...,
          [-0.7927, -0.7577, -0.7752,  ..., -0.9153, -0.8978, -0.8102],
          [-0.8102, -0.7577, -0.7577,  ..., -0.8452, -0.8803, -0.9328],
          [-0.7927, -0.7927, -0.7577,  ..., -0.8452, -0.8452, -0.9328]],

         [[ 1.6117,  1.5942,  1.6465,  ...,  1.4374,  1.4200,  1.4374],
          [ 1.5768,  1.5594,  1.6117,  ...,  1.4374,  1.4374,  1.4722],
          [ 1.5768,  1.5594,  1.5594,  ...,  1.4722,  1.4374,  1.4897],
          ...,
          [-0.8981, -0.8807, -0.8458,  ..., -1.1073, -1.1421, -1.1944],
          [-0.8807, -0.8284, -0.8458,  ..., -0.9156, -1.0550, -1.2467],
          [-0.8633, -0.8633, -0.8633,  ..., -0.8807, -1.0027, -1.2293]]]],
       device='cuda:0')
after net
torch.Size([1, 21, 256, 256])
tensor([[[[-1.3154, -1.6779, -2.0191,  ...,  1.9215,  1.8622,  1.8479],
          [-1.6914, -2.1286, -2.5434,  ...,  1.8829,  1.8057,  1.7891],
          [-2.0453, -2.5595, -3.0470,  ...,  1.9077,  1.8249,  1.7874],
          ...,
          [ 3.6124,  4.3523,  5.0864,  ...,  1.1426,  1.0966,  1.0872],
          [ 3.0812,  3.7115,  4.3362,  ...,  1.1291,  1.0892,  1.0840],
          [ 2.5524,  3.0685,  3.5801,  ...,  1.1503,  1.1220,  1.1220]],

         [[ 0.1879,  0.2456,  0.3013,  ..., -3.1491, -2.7322, -2.3207],
          [ 0.2444,  0.3129,  0.3818,  ..., -3.7504, -3.2392, -2.7350],
          [ 0.2990,  0.3789,  0.4573,  ..., -4.3640, -3.7558, -3.1586],
          ...,
          [-0.4643, -0.5363, -0.6128,  ...,  0.1065,  0.0785,  0.0383],
          [-0.4134, -0.4745, -0.5357,  ...,  0.0706,  0.0469,  0.0126],
          [-0.3639, -0.4128, -0.4631,  ...,  0.0290,  0.0053, -0.0194]],

         [[-0.6362, -0.7537, -0.8745,  ..., -1.6100, -1.3958, -1.1787],
          [-0.7534, -0.8970, -1.0454,  ..., -1.9111, -1.6424, -1.3868],
          [-0.8721, -1.0432, -1.2181,  ..., -2.2267, -1.9106, -1.5993],
          ...,
          [-0.8684, -1.0450, -1.2237,  ..., -1.1818, -1.0150, -0.8497],
          [-0.7440, -0.8925, -1.0443,  ..., -1.0171, -0.8750, -0.7401],
          [-0.6217, -0.7427, -0.8665,  ..., -0.8602, -0.7447, -0.6347]],

         ...,

         [[ 0.4522,  0.5520,  0.6521,  ...,  0.1659,  0.1225,  0.0735],
          [ 0.5527,  0.6748,  0.7962,  ...,  0.2396,  0.1855,  0.1282],
          [ 0.6532,  0.7968,  0.9382,  ...,  0.3003,  0.2404,  0.1745],
          ...,
          [ 1.4361,  1.7307,  2.0241,  ..., -0.6921, -0.6021, -0.5141],
          [ 1.2350,  1.4838,  1.7320,  ..., -0.5992, -0.5228, -0.4488],
          [ 1.0323,  1.2357,  1.4390,  ..., -0.5100, -0.4487, -0.3909]],

         [[ 0.0667,  0.0838,  0.1014,  ..., -2.0820, -1.7969, -1.5259],
          [ 0.0826,  0.1052,  0.1265,  ..., -2.4848, -2.1385, -1.8034],
          [ 0.1006,  0.1256,  0.1524,  ..., -2.9017, -2.4879, -2.0924],
          ...,
          [-2.8214, -3.3909, -3.9608,  ..., -3.4793, -2.9753, -2.4766],
          [-2.4269, -2.9059, -3.3912,  ..., -2.9763, -2.5522, -2.1335],
          [-2.0383, -2.4264, -2.8218,  ..., -2.4798, -2.1329, -1.7905]],

         [[-0.5437, -0.6550, -0.7689,  ..., -2.3277, -1.9914, -1.6666],
          [-0.6558, -0.7941, -0.9321,  ..., -2.7982, -2.3879, -1.9884],
          [-0.7693, -0.9322, -1.0944,  ..., -3.2852, -2.7944, -2.3206],
          ...,
          [ 1.5571,  1.8813,  2.2031,  ..., -3.4803, -2.9687, -2.4631],
          [ 1.3342,  1.6076,  1.8791,  ..., -2.9704, -2.5375, -2.1120],
          [ 1.1108,  1.3338,  1.5574,  ..., -2.4668, -2.1123, -1.7662]]]],
       device='cuda:0', grad_fn=<CudnnConvolutionTransposeBackward>)
after means
torch.Size([1, 21])
tensor([[11.0667, -6.9531, -5.7603, -5.6376, -6.1730, -4.4032, -6.6115, -4.0973,
         -5.4222, -4.2239, -6.6191, -5.7792, -4.8132, -6.5953, -6.0256, -1.1447,
         -4.6979, -6.7760, -5.5561, -6.5820, -5.8013]], device='cuda:0',
       grad_fn=<MeanBackward1>)
torch.Size([1, 21])
tensor([[0.5000, 0.0000, 0.0000, 0.0000, 0.0000, 0.0000, 0.0000, 0.0000, 0.2500,
         0.0000, 0.0000, 0.0000, 0.0000, 0.0000, 0.0000, 0.2500, 0.0000, 0.0000,
         0.0000, 0.0000, 0.0000]], dtype=torch.float64)
